COMPOUNDS (S, M, H): [-0.99867245 -0.          0.79893796]

SOFT DEG PER LAP:
[0.00051251 0.         0.         0.         0.         0.         0.         0.         0.         0.00057702 0.01890034 0.01890034 0.01890034 0.01890034 0.01890034 0.01890034 0.01890034 0.01890034
 0.01890034 0.01890034 0.01890034 0.01890034 0.01890034 0.01890034 0.01890034 0.01890034 0.01890034 0.01890034 0.01890034 0.01890034 0.01890034 0.01890034 0.01890034 0.01890034 0.01890034 0.01890034
 0.01890034 0.01890034 0.01890034 0.01890034]

MEDIUM DEG PER LAP:
[5.21503669e-06 2.61844445e-05 2.61844445e-05 2.61844445e-05 2.61844445e-05 2.61844445e-05 2.61844445e-05 2.61844445e-05 2.61844445e-05 2.61844445e-05 2.61844445e-05 2.61844445e-05 2.61844445e-05
 2.61844445e-05 2.61844445e-05 2.61844445e-05 2.61844445e-05 2.61844445e-05 2.61844445e-05 7.97629891e-04 9.50806876e-03 9.50806876e-03 9.50806876e-03 9.50806876e-03 9.50806876e-03 9.50806876e-03
 9.50806876e-03 9.50806876e-03 9.50806876e-03 9.50806876e-03 9.50806876e-03 9.50806876e-03 9.50806876e-03 9.50806876e-03 9.50806876e-03 9.50806876e-03 9.50806876e-03 9.50806876e-03 9.50806876e-03
 9.50806876e-03]

HARD DEG PER LAP:
[ 0.         -0.          0.          0.          0.          0.          0.          0.          0.          0.          0.          0.          0.          0.          0.          0.
  0.          0.          0.          0.          0.          0.          0.          0.          0.          0.          0.          0.          0.          0.00062386  0.00480825  0.00480825
  0.00480825  0.00480825  0.00480825  0.00480825  0.00480825  0.00480825  0.00480825  0.00480825]
